  01 20021001 009466 009466 000000 ALABAMA
  01 20030701 009532 009064 000000 ALABAMA
  01 20040701 009498 008997 008495 ALABAMA
  02 20021001 010371 010371 000000 ALASKA
  02 20030701 010459 010917 000000 ALASKA
  02 20040701 010377 010754 011132 ALASKA
  03 20021001 009735 009735 000000 ARIZONA
  03 20030701 009699 009397 000000 ARIZONA
  03 20040701 009854 009708 009562 ARIZONA
  04 20021001 009498 009498 000000 ARKANSAS
  04 20030701 009533 009066 000000 ARKANSAS
  04 20040701 009547 009094 008640 ARKANSAS
  05 20021001 009954 009954 000000 CALIFORNIA
  05 20030701 009980 009960 000000 CALIFORNIA
  05 20040701 010005 010011 010016 CALIFORNIA
  06 20021001 009761 009761 000000 COLORADO
  06 20030701 009803 009606 000000 COLORADO
  06 20040701 009866 009731 009597 COLORADO
  07 20021001 010415 010415 000000 CONNECTICUT
  07 20030701 010479 010958 000000 CONNECTICUT
  07 20040701 010437 010873 011310 CONNECTICUT
  08 20021001 009916 009916 000000 DELAWARE
  08 20030701 009826 009651 000000 DELAWARE
  08 20040701 009911 009823 009734 DELAWARE
  10 20021001 009762 009762 000000 FLORIDA
  10 20030701 009765 009531 000000 FLORIDA
  10 20040701 009774 009548 009322 FLORIDA
  11 20021001 009658 009658 000000 GEORGIA
  11 20030701 009646 009292 000000 GEORGIA
  11 20040701 009719 009438 009157 GEORGIA
  12 20021001 010222 010222 000000 HAWAII
  12 20030701 010051 010102 000000 HAWAII
  12 20040701 009992 009983 009975 HAWAII
  13 20021001 009740 009740 000000 IDAHO
  13 20030701 009749 009499 000000 IDAHO
  13 20040701 009795 009590 009384 IDAHO
  14 20021001 009610 009610 000000 ILLINOIS
  14 20030701 009641 009282 000000 ILLINOIS
  14 20040701 009651 009302 008952 ILLINOIS
  15 20021001 009744 009744 000000 INDIANA
  15 20030701 009751 009502 000000 INDIANA
  15 20040701 009765 009530 009294 INDIANA
  16 20021001 009625 009625 000000 IOWA
  16 20030701 009663 009326 000000 IOWA
  16 20040701 009683 009366 009050 IOWA
  17 20021001 009551 009551 000000 KANSAS
  17 20030701 009580 009160 000000 KANSAS
  17 20040701 009607 009214 008820 KANSAS
  18 20021001 009592 009592 000000 KENTUCKY
  18 20030701 009616 009232 000000 KENTUCKY
  18 20040701 009595 009189 008784 KENTUCKY
  19 20021001 009519 009519 000000 LOUISIANA
  19 20030701 009516 009032 000000 LOUISIANA
  19 20040701 009492 008983 008475 LOUISIANA
  20 20021001 009743 009743 000000 MAINE
  20 20030701 009775 009550 000000 MAINE
  20 20040701 009762 009525 009287 MAINE
  21 20021001 009772 009772 000000 MARYLAND
  21 20030701 009789 009578 000000 MARYLAND
  21 20040701 009825 009650 009475 MARYLAND
  22 20021001 010291 010291 000000 MASSACHUSETTS
  22 20030701 010258 010515 000000 MASSACHUSETTS
  22 20040701 010086 010173 010259 MASSACHUSETTS
  23 20021001 009801 009801 000000 MICHIGAN
  23 20030701 009802 009604 000000 MICHIGAN
  23 20040701 009777 009554 009330 MICHIGAN
  24 20021001 009803 009803 000000 MINNESOTA
  24 20030701 009830 009660 000000 MINNESOTA
  24 20040701 009866 009732 009598 MINNESOTA
  25 20021001 009504 009504 000000 MISSISSIPPI
  25 20030701 009536 009072 000000 MISSISSIPPI
  25 20040701 009556 009111 008667 MISSISSIPPI
  26 20021001 009554 009554 000000 MISSOURI
  26 20030701 009576 009152 000000 MISSOURI
  26 20040701 009578 009157 008735 MISSOURI
  27 20021001 009730 009730 000000 MONTANA
  27 20030701 009696 009392 000000 MONTANA
  27 20040701 009760 009520 009280 MONTANA
  28 20021001 009622 009622 000000 NEBRASKA
  28 20030701 009641 009282 000000 NEBRASKA
  28 20040701 009764 009529 009293 NEBRASKA
  29 20021001 009934 009934 000000 NEVADA
  29 20030701 009915 009831 000000 NEVADA
  29 20040701 009961 009922 009884 NEVADA
  30 20021001 009947 009947 000000 NEW HAMPSHIRE
  30 20030701 009968 009936 000000 NEW HAMPSHIRE
  30 20040701 010006 010012 010018 NEW HAMPSHIRE
  32 20021001 009735 009735 000000 NEW MEXICO
  32 20030701 009774 009549 000000 NEW MEXICO
  32 20040701 009654 009308 008962 NEW MEXICO
  33 20021001 009703 009703 000000 NEW YORK
  33 20030701 009708 009417 000000 NEW YORK
  33 20040701 009705 009410 009116 NEW YORK
  34 20021001 009707 009707 000000 NORTH CAROLINA
  34 20030701 009734 009468 000000 NORTH CAROLINA
  34 20040701 009692 009383 009075 NORTH CAROLINA
  35 20021001 009571 009571 000000 NORTH DAKOTA
  35 20030701 009558 009115 000000 NORTH DAKOTA
  35 20040701 009556 009111 008667 NORTH DAKOTA
  36 20021001 009733 009733 000000 OHIO
  36 20030701 009723 009445 000000 OHIO
  36 20040701 009764 009528 009292 OHIO
  37 20021001 009513 009513 000000 OKLAHOMA
  37 20030701 009518 009036 000000 OKLAHOMA
  37 20040701 009507 009015 008522 OKLAHOMA
  38 20021001 010003 010003 000000 OREGON
  38 20030701 010052 010104 000000 OREGON
  38 20040701 009999 009998 009996 OREGON
  39 20021001 009717 009717 000000 PENNSYLVANIA
  39 20030701 009692 009385 000000 PENNSYLVANIA
  39 20040701 009676 009351 009027 PENNSYLVANIA
  40 20021001 008959 008959 000000 PUERTO RICO
  40 20030701 008871 007742 000000 PUERTO RICO
  40 20040701 008804 007607 006411 PUERTO RICO
  42 20021001 009702 009702 000000 SOUTH CAROLINA
  42 20030701 009721 009443 000000 SOUTH CAROLINA
  42 20040701 009700 009399 009099 SOUTH CAROLINA
  43 20021001 009569 009569 000000 SOUTH DAKOTA
  43 20030701 009563 009126 000000 SOUTH DAKOTA
  43 20040701 009639 009278 008917 SOUTH DAKOTA
  44 20021001 009586 009586 000000 TENNESSEE
  44 20030701 009575 009151 000000 TENNESSEE
  44 20040701 009577 009154 008732 TENNESSEE
  45 20021001 009541 009541 000000 TEXAS
  45 20030701 009564 009128 000000 TEXAS
  45 20040701 009556 009112 008668 TEXAS
  46 20021001 009808 009808 000000 UTAH
  46 20030701 009862 009725 000000 UTAH
  46 20040701 009795 009590 009384 UTAH
  47 20021001 009892 009892 000000 VERMONT
  47 20030701 009869 009738 000000 VERMONT
  47 20040701 009861 009723 009584 VERMONT
  49 20021001 009647 009647 000000 VIRGINIA
  49 20030701 009701 009402 000000 VIRGINIA
  49 20040701 009700 009399 009099 VIRGINIA
  50 20021001 010040 010040 000000 WASHINGTON
  50 20030701 010036 010072 000000 WASHINGTON
  50 20040701 010078 010155 010233 WASHINGTON
  51 20021001 009609 009609 000000 WEST VIRGINIA
  51 20030701 009595 009190 000000 WEST VIRGINIA
  51 20040701 009604 009207 008811 WEST VIRGINIA
  52 20021001 009814 009814 000000 WISCONSIN
  52 20030701 009832 009665 000000 WISCONSIN
  52 20040701 009861 009722 009582 WISCONSIN
  53 20021001 009747 009747 000000 WYOMING
  53 20030701 009801 009603 000000 WYOMING
  53 20040701 009822 009644 009466 WYOMING
0040 20021001 009593 009593 000000 ABILENE, TX
0040 20030701 009558 009117 000000 ABILENE, TX
0040 20040701 009525 009051 008576 ABILENE, TX
0060 20021001 008937 008937 000000 AGUADILLA, PR
0060 20030701 008917 007835 000000 AGUADILLA, PR
0060 20040701 008861 007722 006584 AGUADILLA, PR
0080 20021001 009948 009948 000000 AKRON, OH
0080 20030701 009920 009840 000000 AKRON, OH
0080 20040701 009849 009698 009548 AKRON, OH
0120 20021001 010121 010121 000000 ALBANY, GA
0120 20030701 010119 010238 000000 ALBANY, GA
0120 20040701 010173 010345 010518 ALBANY, GA
0160 20021001 009690 009690 000000 ALBANY-SCHENECTADY-TROY, NY
0160 20030701 009677 009354 000000 ALBANY-SCHENECTADY-TROY, NY
0160 20040701 009698 009396 009093 ALBANY-SCHENECTADY-TROY, NY
0200 20021001 009945 009945 000000 ALBUQUERQUE, NM
0200 20030701 009863 009726 000000 ALBUQUERQUE, NM
0200 20040701 009860 009720 009580 ALBUQUERQUE, NM
0220 20021001 009603 009603 000000 ALEXANDRIA, LA
0220 20030701 009572 009144 000000 ALEXANDRIA, LA
0220 20040701 009604 009208 008811 ALEXANDRIA, LA
0240 20021001 010003 010003 000000 ALLENTOWN-BETHLEHEM-EASTON, PA
0240 20030701 009947 009894 000000 ALLENTOWN-BETHLEHEM-EASTON, PA
0240 20040701 009944 009888 009833 ALLENTOWN-BETHLEHEM-EASTON, PA
0280 20021001 009820 009820 000000 ALTOONA, PA
0280 20030701 009845 009690 000000 ALTOONA, PA
0280 20040701 009761 009522 009284 ALTOONA, PA
0320 20021001 009734 009734 000000 AMARILLO, TX
0320 20030701 009807 009614 000000 AMARILLO, TX
0320 20040701 009797 009594 009392 AMARILLO, TX
0380 20021001 010514 010514 000000 ANCHORAGE,AK
0380 20030701 010472 010943 000000 ANCHORAGE,AK
0380 20040701 010443 010886 011330 ANCHORAGE,AK
0440 20021001 010192 010192 000000 ANN ARBOR, MI
0440 20030701 010221 010441 000000 ANN ARBOR, MI
0440 20040701 010215 010430 010644 ANN ARBOR, MI
0450 20021001 009655 009655 000000 ANNISTON,AL
0450 20030701 009609 009218 000000 ANNISTON,AL
0450 20040701 009618 009236 008854 ANNISTON,AL
0460 20021001 009848 009848 000000 APPLETON-OSHKOSH-NEENAH, WI
0460 20030701 009799 009599 000000 APPLETON-OSHKOSH-NEENAH, WI
0460 20040701 009807 009614 009421 APPLETON-OSHKOSH-NEENAH, WI
0470 20021001 008926 008926 000000 ARECIBO, PR
0470 20030701 008867 007735 000000 ARECIBO, PR
0470 20040701 008831 007662 006493 ARECIBO, PR
0480 20021001 009835 009835 000000 ASHEVILLE, NC
0480 20030701 009975 009950 000000 ASHEVILLE, NC
0480 20040701 009944 009888 009832 ASHEVILLE, NC
0500 20021001 009968 009968 000000 ATHENS, GA
0500 20030701 010042 010084 000000 ATHENS, GA
0500 20040701 009964 009927 009891 ATHENS, GA
0520 20021001 010009 010009 000000 ATLANTA, GA
0520 20030701 009998 009996 000000 ATLANTA, GA
0520 20040701 010026 010052 010078 ATLANTA, GA
0560 20021001 010259 010259 000000 ATLANTIC-CAPE MAY, NJ
0560 20030701 010203 010407 000000 ATLANTIC-CAPE MAY, NJ
0560 20040701 010159 010318 010477 ATLANTIC-CAPE MAY, NJ
0580 20021001 009646 009646 000000 AUBURN-OPELIKA, AL
0580 20030701 009665 009330 000000 AUBURN-OPELIKA, AL
0580 20040701 009699 009398 009096 AUBURN-OPELIKA, AL
0600 20021001 009995 009995 000000 AUGUSTA-AIKEN, GA-SC
0600 20030701 010053 010106 000000 AUGUSTA-AIKEN, GA-SC
0600 20040701 009925 009850 009775 AUGUSTA-AIKEN, GA-SC
0640 20021001 009919 009919 000000 AUSTIN-SAN MARCOS, TX
0640 20030701 009927 009855 000000 AUSTIN-SAN MARCOS, TX
0640 20040701 009922 009844 009765 AUSTIN-SAN MARCOS, TX
0680 20021001 009881 009881 000000 BAKERSFIELD, CA
0680 20030701 009975 009951 000000 BAKERSFIELD, CA
0680 20040701 009962 009924 009886 BAKERSFIELD, CA
0720 20021001 009961 009961 000000 BALTIMORE, MD
0720 20030701 009986 009972 000000 BALTIMORE, MD
0720 20040701 009984 009968 009951 BALTIMORE, MD
0733 20021001 009916 009916 000000 BANGOR, ME
0733 20030701 009933 009866 000000 BANGOR, ME
0733 20040701 009981 009962 009942 BANGOR, ME
0743 20021001 010725 010725 000000 BARNSTABLE-YARMOUTH, MA
0743 20030701 010640 011281 000000 BARNSTABLE-YARMOUTH, MA
0743 20040701 010591 011182 011774 BARNSTABLE-YARMOUTH, MA
0760 20021001 009627 009627 000000 BATON ROUGE, LA
0760 20030701 009659 009318 000000 BATON ROUGE, LA
0760 20040701 009681 009362 009044 BATON ROUGE, LA
0840 20021001 009686 009686 000000 BEAUMONT-PORT ARTHUR, TX
0840 20030701 009665 009330 000000 BEAUMONT-PORT ARTHUR, TX
0840 20040701 009685 009370 009054 BEAUMONT-PORT ARTHUR, TX
0860 20021001 010365 010365 000000 BELLINGHAM, WA
0860 20030701 010456 010913 000000 BELLINGHAM, WA
0860 20040701 010351 010703 011054 BELLINGHAM, WA
0870 20021001 009762 009762 000000 BENTON HARBOR, MI
0870 20030701 009793 009586 000000 BENTON HARBOR, MI
0870 20040701 009774 009548 009323 BENTON HARBOR, MI
0875 20021001 010336 010336 000000 BERGEN-PASSAIC, NJ
0875 20030701 010430 010860 000000 BERGEN-PASSAIC, NJ
0875 20040701 010338 010677 011015 BERGEN-PASSAIC, NJ
0880 20021001 009873 009873 000000 BILLINGS, MT
0880 20030701 009804 009609 000000 BILLINGS, MT
0880 20040701 009792 009584 009377 BILLINGS, MT
0920 20021001 009688 009688 000000 BILOXI-GULFPORT-PASCAGOULA, MS
0920 20030701 009751 009503 000000 BILOXI-GULFPORT-PASCAGOULA, MS
0920 20040701 009806 009612 009417 BILOXI-GULFPORT-PASCAGOULA, MS
0960 20021001 009681 009681 000000 BINGHAMTON, NY
0960 20030701 009668 009336 000000 BINGHAMTON, NY
0960 20040701 009686 009371 009057 BINGHAMTON, NY
1000 20021001 009755 009755 000000 BIRMINGHAM, AL
1000 20030701 009844 009689 000000 BIRMINGHAM, AL
1000 20040701 009842 009685 009527 BIRMINGHAM, AL
1010 20021001 009597 009597 000000 BISMARCK, ND
1010 20030701 009594 009189 000000 BISMARCK, ND
1010 20040701 009593 009186 008779 BISMARCK, ND
1020 20021001 009768 009768 000000 BLOOMINGTON, IN
1020 20030701 009781 009563 000000 BLOOMINGTON, IN
1020 20040701 009732 009465 009197 BLOOMINGTON, IN
1040 20021001 009808 009808 000000 BLOOMINGTON-NORMAL, IL
1040 20030701 009822 009644 000000 BLOOMINGTON-NORMAL, IL
1040 20040701 009766 009533 009299 BLOOMINGTON-NORMAL, IL
1080 20021001 009810 009810 000000 BOISE CITY, ID
1080 20030701 009862 009724 000000 BOISE CITY, ID
1080 20040701 009842 009684 009525 BOISE CITY, ID
1123 20021001 010270 010270 000000 BOSTON-WORCESTER-LAWRENCE-LOWELL-BROCKTON, M
1123 20030701 010246 010492 000000 BOSTON-WORCESTER-LAWRENCE-LOWELL-BROCKTON, M
1123 20040701 010247 010493 010740 BOSTON-WORCESTER-LAWRENCE-LOWELL-BROCKTON, M
1125 20021001 009960 009960 000000 BOULDER-LONGMONT, CO
1125 20030701 009938 009876 000000 BOULDER-LONGMONT, CO
1125 20040701 010010 010020 010029 BOULDER-LONGMONT, CO
1145 20021001 009642 009642 000000 BRAZORIA, TX
1145 20030701 009707 009414 000000 BRAZORIA, TX
1145 20040701 009627 009255 008882 BRAZORIA, TX
1150 20021001 010152 010152 000000 BREMERTON, WA
1150 20030701 010189 010378 000000 BREMERTON, WA
1150 20040701 010116 010232 010348 BREMERTON, WA
1240 20021001 009801 009801 000000 BROWNSVILLE-HARLINGEN-SAN BENITO, TX
1240 20030701 009776 009552 000000 BROWNSVILLE-HARLINGEN-SAN BENITO, TX
1240 20040701 010061 010121 010182 BROWNSVILLE-HARLINGEN-SAN BENITO, TX
1260 20021001 009866 009866 000000 BRYAN-COLLEGE STATION, TX
1260 20030701 009764 009528 000000 BRYAN-COLLEGE STATION, TX
1260 20040701 009804 009608 009411 BRYAN-COLLEGE STATION, TX
1280 20021001 009878 009878 000000 BUFFALO-NIAGARA FALLS, NY
1280 20030701 009873 009746 000000 BUFFALO-NIAGARA FALLS, NY
1280 20040701 009921 009842 009762 BUFFALO-NIAGARA FALLS, NY
1303 20021001 009983 009983 000000 BURLINGTON, VT
1303 20030701 010010 010021 000000 BURLINGTON, VT
1303 20040701 009941 009882 009822 BURLINGTON, VT
1310 20021001 008941 008941 000000 CAGUAS, PR
1310 20030701 008874 007748 000000 CAGUAS, PR
1310 20040701 008832 007663 006495 CAGUAS, PR
1320 20021001 009781 009781 000000 CANTON-MASSILLON, OH
1320 20030701 009786 009573 000000 CANTON-MASSILLON, OH
1320 20040701 009814 009628 009443 CANTON-MASSILLON, OH
1350 20021001 009899 009899 000000 CASPER, WY
1350 20030701 009938 009876 000000 CASPER, WY
1350 20040701 009819 009638 009457 CASPER, WY
1360 20021001 009740 009740 000000 CEDAR RAPIDS, IA
1360 20030701 009811 009622 000000 CEDAR RAPIDS, IA
1360 20040701 009775 009550 009324 CEDAR RAPIDS, IA
1400 20021001 009859 009859 000000 CHAMPAIGN-URBANA, IL
1400 20030701 010127 010254 000000 CHAMPAIGN-URBANA, IL
1400 20040701 009981 009963 009944 CHAMPAIGN-URBANA, IL
1440 20021001 009841 009841 000000 CHARLESTON-NORTH CHARLESTON, SC
1440 20030701 009847 009694 000000 CHARLESTON-NORTH CHARLESTON, SC
1440 20040701 009866 009733 009599 CHARLESTON-NORTH CHARLESTON, SC
1480 20021001 009853 009853 000000 CHARLESTON, WV
1480 20030701 009780 009559 000000 CHARLESTON, WV
1480 20040701 009776 009552 009328 CHARLESTON, WV
1520 20021001 009862 009862 000000 CHARLOTTE-GASTONIA-ROCK HILL, NC-SC
1520 20030701 009975 009950 000000 CHARLOTTE-GASTONIA-ROCK HILL, NC-SC
1520 20040701 009952 009904 009856 CHARLOTTE-GASTONIA-ROCK HILL, NC-SC
1540 20021001 010100 010100 000000 CHARLOTTESVILLE, VA
1540 20030701 010088 010175 000000 CHARLOTTESVILLE, VA
1540 20040701 010005 010010 010015 CHARLOTTESVILLE, VA
1560 20021001 009867 009867 000000 CHATTANOOGA, TN-GA
1560 20030701 009795 009590 000000 CHATTANOOGA, TN-GA
1560 20040701 009817 009634 009452 CHATTANOOGA, TN-GA
1580 20021001 009658 009658 000000 CHEYENNE, WY
1580 20030701 009726 009451 000000 CHEYENNE, WY
1580 20040701 009759 009518 009278 CHEYENNE, WY
1600 20021001 010202 010202 000000 CHICAGO, IL
1600 20030701 010209 010418 000000 CHICAGO, IL
1600 20040701 010178 010357 010535 CHICAGO, IL
1620 20021001 009971 009971 000000 CHICO-PARADISE, CA
1620 20030701 009949 009898 000000 CHICO-PARADISE, CA
1620 20040701 010039 010077 010116 CHICO-PARADISE, CA
1640 20021001 009889 009889 000000 CINCINNATI, OH-KY-IN
1640 20030701 009876 009752 000000 CINCINNATI, OH-KY-IN
1640 20040701 009883 009765 009648 CINCINNATI, OH-KY-IN
1660 20021001 009661 009661 000000 CLARKSVILLE-HOPKINSVILLE, TN-KY
1660 20030701 009681 009362 000000 CLARKSVILLE-HOPKINSVILLE, TN-KY
1660 20040701 009649 009298 008946 CLARKSVILLE-HOPKINSVILLE, TN-KY
1680 20021001 009886 009886 000000 CLEVELAND-LORAIN-ELYRIA, OH
1680 20030701 009934 009868 000000 CLEVELAND-LORAIN-ELYRIA, OH
1680 20040701 009934 009868 009803 CLEVELAND-LORAIN-ELYRIA, OH
1720 20021001 009949 009949 000000 COLORADO SPRINGS,  CO
1720 20030701 009983 009966 000000 COLORADO SPRINGS,  CO
1720 20040701 009967 009933 009900 COLORADO SPRINGS,  CO
1740 20021001 009735 009735 000000 COLUMBIA, MO
1740 20030701 009699 009398 000000 COLUMBIA, MO
1740 20040701 009739 009478 009217 COLUMBIA, MO
1760 20021001 009895 009895 000000 COLUMBIA, SC
1760 20030701 009861 009723 000000 COLUMBIA, SC
1760 20040701 009780 009561 009341 COLUMBIA, SC
1800 20021001 009676 009676 000000 COLUMBUS, GA-AL
1800 20030701 009675 009350 000000 COLUMBUS, GA-AL
1800 20040701 009739 009478 009216 COLUMBUS, GA-AL
1840 20021001 009909 009909 000000 COLUMBUS, OH
1840 20030701 009950 009900 000000 COLUMBUS, OH
1840 20040701 009930 009859 009789 COLUMBUS, OH
1880 20021001 009667 009667 000000 CORPUS CHRISTI, TX
1880 20030701 009746 009492 000000 CORPUS CHRISTI, TX
1880 20040701 009704 009408 009113 CORPUS CHRISTI, TX
1890 20021001 010329 010329 000000 CORVALLIS, OR
1890 20030701 010291 010581 000000 CORVALLIS, OR
1890 20040701 010303 010606 010910 CORVALLIS, OR
1900 20021001 009664 009664 000000 CUMBERLAND, MD-WV
1900 20030701 009569 009139 000000 CUMBERLAND, MD-WV
1900 20040701 009640 009280 008920 CUMBERLAND, MD-WV
1920 20021001 009971 009971 000000 DALLAS, TX
1920 20030701 010000 009999 000000 DALLAS, TX
1920 20040701 009995 009990 009984 DALLAS, TX
1950 20021001 009723 009723 000000 DANVILLE, VA
1950 20030701 009772 009544 000000 DANVILLE, VA
1950 20040701 009807 009614 009421 DANVILLE, VA
1960 20021001 009728 009728 000000 DAVENPORT-ROCK ISLAND-MOLINE, IA-IL
1960 20030701 009767 009534 000000 DAVENPORT-ROCK ISLAND-MOLINE, IA-IL
1960 20040701 009797 009594 009391 DAVENPORT-ROCK ISLAND-MOLINE, IA-IL
2000 20021001 009830 009830 000000 DAYTON-SPRINGFIELD, OH
2000 20030701 009856 009713 000000 DAYTON-SPRINGFIELD, OH
2000 20040701 009904 009807 009711 DAYTON-SPRINGFIELD, OH
2020 20021001 009790 009790 000000 DAYTONA BEACH, FL
2020 20030701 009814 009628 000000 DAYTONA BEACH, FL
2020 20040701 009816 009631 009447 DAYTONA BEACH, FL
2030 20021001 009755 009755 000000 DECATUR, AL
2030 20030701 009795 009589 000000 DECATUR, AL
2030 20040701 009766 009531 009297 DECATUR, AL
2040 20021001 009595 009595 000000 DECATUR, IL
2040 20030701 009611 009222 000000 DECATUR, IL
2040 20040701 009632 009264 008897 DECATUR, IL
2080 20021001 010056 010056 000000 DENVER, CO
2080 20030701 010120 010240 000000 DENVER, CO
2080 20040701 010167 010335 010502 DENVER, CO
2120 20021001 009747 009747 000000 DES MOINES, IA
2120 20030701 009758 009516 000000 DES MOINES, IA
2120 20040701 009821 009642 009464 DES MOINES, IA
2160 20021001 010083 010083 000000 DETROIT, MI
2160 20030701 010090 010179 000000 DETROIT, MI
2160 20040701 010020 010040 010061 DETROIT, MI
2180 20021001 009590 009590 000000 DOTHAN, AL
2180 20030701 009627 009255 000000 DOTHAN, AL
2180 20040701 009548 009096 008645 DOTHAN, AL
2190 20021001 010059 010059 000000 DOVER, DE
2190 20030701 009871 009742 000000 DOVER, DE
2190 20040701 009961 009922 009883 DOVER, DE
2200 20021001 009704 009704 000000 DUBUQUE, IA
2200 20030701 009759 009518 000000 DUBUQUE, IA
2200 20040701 009777 009554 009332 DUBUQUE, IA
2240 20021001 010057 010057 000000 DULUTH-SUPERIOR, MN-WI
2240 20030701 010074 010147 000000 DULUTH-SUPERIOR, MN-WI
2240 20040701 010034 010068 010103 DULUTH-SUPERIOR, MN-WI
2281 20021001 010103 010103 000000 DUTCHESS COUNTY, NY
2281 20030701 010137 010274 000000 DUTCHESS COUNTY, NY
2281 20040701 010187 010374 010560 DUTCHESS COUNTY, NY
2290 20021001 009763 009763 000000 EAU CLAIRE, WI
2290 20030701 009790 009581 000000 EAU CLAIRE, WI
2290 20040701 009813 009626 009438 EAU CLAIRE, WI
2320 20021001 009841 009841 000000 EL PASO, TX
2320 20030701 009853 009706 000000 EL PASO, TX
2320 20040701 009839 009678 009518 EL PASO, TX
2330 20021001 009928 009928 000000 ELKHART-GOSHEN, IN
2330 20030701 009944 009889 000000 ELKHART-GOSHEN, IN
2330 20040701 009957 009913 009870 ELKHART-GOSHEN, IN
2335 20021001 009683 009683 000000 ELMIRA, NY
2335 20030701 009683 009366 000000 ELMIRA, NY
2335 20040701 009675 009351 009026 ELMIRA, NY
2340 20021001 009671 009671 000000 ENID, OK
2340 20030701 009675 009350 000000 ENID, OK
2340 20040701 009712 009424 009135 ENID, OK
2360 20021001 009727 009727 000000 ERIE, PA
2360 20030701 009785 009570 000000 ERIE, PA
2360 20040701 009720 009440 009161 ERIE, PA
2400 20021001 010294 010294 000000 EUGENE-SPRINGFIELD, OR
2400 20030701 010189 010378 000000 EUGENE-SPRINGFIELD, OR
2400 20040701 010291 010582 010874 EUGENE-SPRINGFIELD, OR
2440 20021001 009698 009698 000000 EVANSVILLE-HENDERSON, IN-KY
2440 20030701 009635 009271 000000 EVANSVILLE-HENDERSON, IN-KY
2440 20040701 009686 009372 009057 EVANSVILLE-HENDERSON, IN-KY
2520 20021001 009854 009854 000000 FARGO-MOORHEAD, ND-MN
2520 20030701 009937 009874 000000 FARGO-MOORHEAD, ND-MN
2520 20040701 009959 009919 009878 FARGO-MOORHEAD, ND-MN
2560 20021001 009805 009805 000000 FAYETTEVILLE, NC
2560 20030701 009778 009556 000000 FAYETTEVILLE, NC
2560 20040701 009797 009594 009392 FAYETTEVILLE, NC
2580 20021001 009689 009689 000000 FAYETTEVILLE-SPRINGDALE-ROGERS, AR
2580 20030701 009620 009240 000000 FAYETTEVILLE-SPRINGDALE-ROGERS, AR
2580 20040701 009679 009358 009038 FAYETTEVILLE-SPRINGDALE-ROGERS, AR
2620 20021001 010111 010111 000000 FLAGSTAFF, ARIZONA-UTAH
2620 20030701 010136 010273 000000 FLAGSTAFF, ARIZONA-UTAH
2620 20040701 010267 010533 010800 FLAGSTAFF, ARIZONA-UTAH
2640 20021001 010169 010169 000000 FLINT, MI
2640 20030701 010227 010454 000000 FLINT, MI
2640 20040701 010172 010343 010515 FLINT, MI
2650 20021001 009569 009569 000000 FLORENCE, AL
2650 20030701 009558 009117 000000 FLORENCE, AL
2650 20040701 009549 009099 008648 FLORENCE, AL
2655 20021001 009739 009739 000000 FLORENCE, SC
2655 20030701 009756 009512 000000 FLORENCE, SC
2655 20040701 009742 009484 009225 FLORENCE, SC
2670 20021001 010004 010004 000000 FORT COLLINS-LOVELAND, CO
2670 20030701 010013 010026 000000 FORT COLLINS-LOVELAND, CO
2670 20040701 010022 010043 010065 FORT COLLINS-LOVELAND, CO
2680 20021001 010059 010059 000000 FORT LAUDERDALE, FL
2680 20030701 010059 010119 000000 FORT LAUDERDALE, FL
2680 20040701 010033 010065 010098 FORT LAUDERDALE, FL
2700 20021001 009875 009875 000000 FORT MYERS-CAPE CORAL, FL
2700 20030701 009936 009872 000000 FORT MYERS-CAPE CORAL, FL
2700 20040701 009963 009926 009890 FORT MYERS-CAPE CORAL, FL
2710 20021001 010043 010043 000000 FORT PIERCE-PORT ST. LUCIE, FL
2710 20030701 009965 009929 000000 FORT PIERCE-PORT ST. LUCIE, FL
2710 20040701 010002 010003 010005 FORT PIERCE-PORT ST. LUCIE, FL
2720 20021001 009610 009610 000000 FORT SMITH, AR-OK
2720 20030701 009579 009158 000000 FORT SMITH, AR-OK
2720 20040701 009685 009370 009054 FORT SMITH, AR-OK
2750 20021001 009800 009800 000000 FORT WALTON BEACH, FL
2750 20030701 009939 009877 000000 FORT WALTON BEACH, FL
2750 20040701 009793 009586 009380 FORT WALTON BEACH, FL
2760 20021001 009839 009839 000000 FORT WAYNE, IN
2760 20030701 009891 009783 000000 FORT WAYNE, IN
2760 20040701 009917 009834 009751 FORT WAYNE, IN
2800 20021001 009871 009871 000000 FORT WORTH-ARLINGTON, TX
2800 20030701 009889 009778 000000 FORT WORTH-ARLINGTON, TX
2800 20040701 009872 009744 009615 FORT WORTH-ARLINGTON, TX
2840 20021001 009971 009971 000000 FRESNO, CA
2840 20030701 010034 010068 000000 FRESNO, CA
2840 20040701 010019 010038 010056 FRESNO, CA
2880 20021001 009758 009758 000000 GADSDEN, AL
2880 20030701 009701 009402 000000 GADSDEN, AL
2880 20040701 009641 009282 008924 GADSDEN, AL
2900 20021001 009851 009851 000000 GAINESVILLE, FL
2900 20030701 009974 009948 000000 GAINESVILLE, FL
2900 20040701 009939 009877 009816 GAINESVILLE, FL
2920 20021001 010052 010052 000000 GALVESTON-TEXAS CITY, TX
2920 20030701 009893 009786 000000 GALVESTON-TEXAS CITY, TX
2920 20040701 009856 009712 009567 GALVESTON-TEXAS CITY, TX
2960 20021001 009906 009906 000000 GARY, IN
2960 20030701 009917 009834 000000 GARY, IN
2960 20040701 009882 009764 009646 GARY, IN
2975 20021001 009667 009667 000000 GLENS FALLS, NY
2975 20030701 009656 009312 000000 GLENS FALLS, NY
2975 20040701 009695 009390 009085 GLENS FALLS, NY
2980 20021001 009742 009742 000000 GOLDSBORO, NC
2980 20030701 009778 009557 000000 GOLDSBORO, NC
2980 20040701 009724 009449 009173 GOLDSBORO, NC
2985 20021001 009814 009814 000000 GRAND FORKS, ND-MN
2985 20030701 009779 009559 000000 GRAND FORKS, ND-MN
2985 20040701 009727 009454 009182 GRAND FORKS, ND-MN
2995 20021001 009906 009906 000000 GRAND JUNCTION, CO
2995 20030701 009891 009782 000000 GRAND JUNCTION, CO
2995 20040701 009927 009853 009780 GRAND JUNCTION, CO
3000 20021001 009987 009987 000000 GRAND RAPIDS-MUSKEGON-HOLLAND, MI
3000 20030701 009905 009810 000000 GRAND RAPIDS-MUSKEGON-HOLLAND, MI
3000 20040701 009894 009788 009681 GRAND RAPIDS-MUSKEGON-HOLLAND, MI
3040 20021001 009774 009774 000000 GREAT FALLS, MT
3040 20030701 009790 009580 000000 GREAT FALLS, MT
3040 20040701 009762 009524 009285 GREAT FALLS, MT
3060 20021001 009851 009851 000000 GREELEY, CO
3060 20030701 009847 009695 000000 GREELEY, CO
3060 20040701 009874 009749 009623 GREELEY, CO
3080 20021001 009842 009842 000000 GREEN BAY, WI
3080 20030701 009900 009801 000000 GREEN BAY, WI
3080 20040701 009892 009784 009677 GREEN BAY, WI
3120 20021001 009907 009907 000000 GREENSBORO--WINSTON-SALEM--HIGH POINT, NC
3120 20030701 009856 009713 000000 GREENSBORO--WINSTON-SALEM--HIGH POINT, NC
3120 20040701 009833 009666 009500 GREENSBORO--WINSTON-SALEM--HIGH POINT, NC
3150 20021001 009831 009831 000000 GREENVILLE, NC
3150 20030701 009820 009640 000000 GREENVILLE, NC
3150 20040701 009820 009639 009459 GREENVILLE, NC
3160 20021001 009830 009830 000000 GREENVILLE-SPARTANBURG-ANDERSON, SC
3160 20030701 009824 009649 000000 GREENVILLE-SPARTANBURG-ANDERSON, SC
3160 20040701 009867 009734 009601 GREENVILLE-SPARTANBURG-ANDERSON, SC
3180 20021001 009673 009673 000000 HAGERSTOWN, MD
3180 20030701 009854 009707 000000 HAGERSTOWN, MD
3180 20040701 009834 009669 009503 HAGERSTOWN, MD
3200 20021001 009857 009857 000000 HAMILTON-MIDDLETOWN, OH
3200 20030701 009884 009767 000000 HAMILTON-MIDDLETOWN, OH
3200 20040701 009843 009686 009528 HAMILTON-MIDDLETOWN, OH
3240 20021001 009857 009857 000000 HARRISBURG-LEBANON-CARLISLE, PA
3240 20030701 009845 009689 000000 HARRISBURG-LEBANON-CARLISLE, PA
3240 20040701 009833 009666 009498 HARRISBURG-LEBANON-CARLISLE, PA
3283 20021001 010301 010301 000000 HARTFORD, CT
3283 20030701 010310 010620 000000 HARTFORD, CT
3283 20040701 010311 010622 010933 HARTFORD, CT
3285 20021001 009495 009495 000000 HATTIESBURG, MS
3285 20030701 009532 009064 000000 HATTIESBURG, MS
3285 20040701 009461 008923 008384 HATTIESBURG, MS
3290 20021001 009873 009873 000000 HICKORY-MORGANTON-LENOIR, NC
3290 20030701 009806 009611 000000 HICKORY-MORGANTON-LENOIR, NC
3290 20040701 009848 009697 009545 HICKORY-MORGANTON-LENOIR, NC
3320 20021001 010308 010308 000000 HONOLULU, HI
3320 20030701 010291 010583 000000 HONOLULU, HI
3320 20040701 010220 010439 010659 HONOLULU, HI
3350 20021001 009590 009590 000000 HOUMA, LA
3350 20030701 009663 009327 000000 HOUMA, LA
3350 20040701 009550 009099 008649 HOUMA, LA
3360 20021001 009925 009925 000000 HOUSTON, TX
3360 20030701 009978 009957 000000 HOUSTON, TX
3360 20040701 009967 009934 009900 HOUSTON, TX
3400 20021001 009923 009923 000000 HUNTINGTON-ASHLAND, WV-KY-OH
3400 20030701 009927 009854 000000 HUNTINGTON-ASHLAND, WV-KY-OH
3400 20040701 009919 009838 009757 HUNTINGTON-ASHLAND, WV-KY-OH
3440 20021001 009777 009777 000000 HUNTSVILLE, AL
3440 20030701 009781 009561 000000 HUNTSVILLE, AL
3440 20040701 009849 009698 009547 HUNTSVILLE, AL
3480 20021001 009935 009935 000000 INDIANAPOLIS, IN
3480 20030701 009943 009887 000000 INDIANAPOLIS, IN
3480 20040701 009983 009966 009950 INDIANAPOLIS, IN
3500 20021001 009965 009965 000000 IOWA CITY, IA
3500 20030701 009917 009835 000000 IOWA CITY, IA
3500 20040701 009910 009819 009729 IOWA CITY, IA
3520 20021001 009851 009851 000000 JACKSON, MI
3520 20030701 009906 009813 000000 JACKSON, MI
3520 20040701 009797 009594 009392 JACKSON, MI
3560 20021001 009687 009687 000000 JACKSON, MS
3560 20030701 009721 009443 000000 JACKSON, MS
3560 20040701 009671 009343 009014 JACKSON, MS
3580 20021001 009803 009803 000000 JACKSON, TN
3580 20030701 009855 009710 000000 JACKSON, TN
3580 20040701 009797 009594 009390 JACKSON, TN
3600 20021001 009843 009843 000000 JACKSONVILLE, FL
3600 20030701 009876 009752 000000 JACKSONVILLE, FL
3600 20040701 009906 009812 009717 JACKSONVILLE, FL
3605 20021001 009524 009524 000000 JACKSONVILLE, NC
3605 20030701 009648 009296 000000 JACKSONVILLE, NC
3605 20040701 009709 009418 009126 JACKSONVILLE, NC
3610 20021001 009610 009610 000000 JAMESTOWN, NY
3610 20030701 009595 009190 000000 JAMESTOWN, NY
3610 20040701 009552 009105 008657 JAMESTOWN, NY
3620 20021001 009948 009948 000000 JANESVILLE-BELOIT, WI
3620 20030701 009970 009940 000000 JANESVILLE-BELOIT, WI
3620 20040701 009856 009713 009569 JANESVILLE-BELOIT, WI
3640 20021001 010232 010232 000000 JERSEY CITY, NJ
3640 20030701 010238 010476 000000 JERSEY CITY, NJ
3640 20040701 010223 010446 010669 JERSEY CITY, NJ
3660 20021001 009723 009723 000000 JOHNSON CITY-KINGSPORT-BRISTOL, TN-VA
3660 20030701 009654 009307 000000 JOHNSON CITY-KINGSPORT-BRISTOL, TN-VA
3660 20040701 009651 009301 008952 JOHNSON CITY-KINGSPORT-BRISTOL, TN-VA
3680 20021001 009734 009734 000000 JOHNSTOWN, PA
3680 20030701 009666 009332 000000 JOHNSTOWN, PA
3680 20040701 009632 009263 008895 JOHNSTOWN, PA
3700 20021001 009688 009688 000000 JONESBORO, AR
3700 20030701 009550 009100 000000 JONESBORO, AR
3700 20040701 009559 009118 008676 JONESBORO, AR
3710 20021001 009746 009746 000000 JOPLIN, MO
3710 20030701 009723 009445 000000 JOPLIN, MO
3710 20040701 009736 009472 009209 JOPLIN, MO
3720 20021001 010128 010128 000000 KALAMAZOO-BATTLE CREEK, MI
3720 20030701 010119 010238 000000 KALAMAZOO-BATTLE CREEK, MI
3720 20040701 010100 010200 010300 KALAMAZOO-BATTLE CREEK, MI
3740 20021001 009978 009978 000000 KANKAKEE, IL
3740 20030701 010158 010316 000000 KANKAKEE, IL
3740 20040701 010084 010168 010251 KANKAKEE, IL
3760 20021001 009900 009900 000000 KANSAS CITY, MO-KS
3760 20030701 009947 009894 000000 KANSAS CITY, MO-KS
3760 20040701 009943 009886 009829 KANSAS CITY, MO-KS
3800 20021001 009914 009914 000000 KENOSHA, WI
3800 20030701 009937 009874 000000 KENOSHA, WI
3800 20040701 009952 009904 009857 KENOSHA, WI
3810 20021001 009959 009959 000000 KILLEEN-TEMPLE, TX
3810 20030701 010080 010160 000000 KILLEEN-TEMPLE, TX
3810 20040701 009832 009664 009495 KILLEEN-TEMPLE, TX
3840 20021001 009775 009775 000000 KNOXVILLE, TN
3840 20030701 009794 009588 000000 KNOXVILLE, TN
3840 20040701 009764 009528 009292 KNOXVILLE, TN
3850 20021001 009825 009825 000000 KOKOMO, IN
3850 20030701 009794 009588 000000 KOKOMO, IN
3850 20040701 009809 009618 009427 KOKOMO, IN
3870 20021001 009849 009849 000000 LA CROSSE, WI-MN
3870 20030701 009880 009760 000000 LA CROSSE, WI-MN
3870 20040701 009849 009699 009548 LA CROSSE, WI-MN
3880 20021001 009700 009700 000000 LAFAYETTE, LA
3880 20030701 009690 009381 000000 LAFAYETTE, LA
3880 20040701 009638 009276 008913 LAFAYETTE, LA
3920 20021001 009824 009824 000000 LAFAYETTE, IN
3920 20030701 009856 009711 000000 LAFAYETTE, IN
3920 20040701 009717 009434 009150 LAFAYETTE, IN
3960 20021001 009553 009553 000000 LAKE CHARLES, LA
3960 20030701 009593 009186 000000 LAKE CHARLES, LA
3960 20040701 009568 009136 008705 LAKE CHARLES, LA
3980 20021001 009813 009813 000000 LAKELAND-WINTER HAVEN, FL
3980 20030701 009871 009743 000000 LAKELAND-WINTER HAVEN, FL
3980 20040701 009762 009524 009287 LAKELAND-WINTER HAVEN, FL
4000 20021001 009857 009857 000000 LANCASTER, PA
4000 20030701 009816 009631 000000 LANCASTER, PA
4000 20040701 009856 009713 009569 LANCASTER, PA
4040 20021001 009928 009928 000000 LANSING-EAST LANSING, MI
4040 20030701 009945 009890 000000 LANSING-EAST LANSING, MI
4040 20040701 009943 009886 009828 LANSING-EAST LANSING, MI
4080 20021001 009570 009570 000000 LAREDO, TX
4080 20030701 009694 009389 000000 LAREDO, TX
4080 20040701 009618 009236 008855 LAREDO, TX
4100 20021001 009724 009724 000000 LAS CRUCES, NM
4100 20030701 009749 009498 000000 LAS CRUCES, NM
4100 20040701 009738 009475 009213 LAS CRUCES, NM
4120 20021001 010236 010236 000000 LAS VEGAS, NV-AZ
4120 20030701 010304 010608 000000 LAS VEGAS, NV-AZ
4120 20040701 010306 010611 010917 LAS VEGAS, NV-AZ
4150 20021001 009731 009731 000000 LAWRENCE, KS
4150 20030701 009665 009329 000000 LAWRENCE, KS
4150 20040701 009735 009471 009206 LAWRENCE, KS
4200 20021001 009736 009736 000000 LAWTON, OK
4200 20030701 009663 009326 000000 LAWTON, OK
4200 20040701 009653 009307 008960 LAWTON, OK
4243 20021001 009853 009853 000000 LEWISTON-AUBURN, ME
4243 20030701 009836 009672 000000 LEWISTON-AUBURN, ME
4243 20040701 009877 009753 009630 LEWISTON-AUBURN, ME
4280 20021001 009749 009749 000000 LEXINGTON, KY
4280 20030701 009716 009432 000000 LEXINGTON, KY
4280 20040701 009737 009474 009211 LEXINGTON, KY
4320 20021001 009894 009894 000000 LIMA, OH
4320 20030701 009897 009793 000000 LIMA, OH
4320 20040701 009904 009809 009713 LIMA, OH
4360 20021001 010034 010034 000000 LINCOLN, NE
4360 20030701 009978 009957 000000 LINCOLN, NE
4360 20040701 010007 010013 010020 LINCOLN, NE
4400 20021001 009791 009791 000000 LITTLE ROCK-NORTH LITTLE ROCK, AR
4400 20030701 009819 009639 000000 LITTLE ROCK-NORTH LITTLE ROCK, AR
4400 20040701 009785 009569 009354 LITTLE ROCK-NORTH LITTLE ROCK, AR
4420 20021001 009714 009714 000000 LONGVIEW-MARSHALL, TX
4420 20030701 009726 009452 000000 LONGVIEW-MARSHALL, TX
4420 20040701 009823 009645 009468 LONGVIEW-MARSHALL, TX
4480 20021001 010389 010389 000000 LOS ANGELES-LONG BEACH, CA
4480 20030701 010400 010800 000000 LOS ANGELES-LONG BEACH, CA
4480 20040701 010359 010718 011077 LOS ANGELES-LONG BEACH, CA
4520 20021001 009891 009891 000000 LOUISVILLE, KY-IN
4520 20030701 009855 009710 000000 LOUISVILLE, KY-IN
4520 20040701 009848 009697 009545 LOUISVILLE, KY-IN
4600 20021001 009686 009686 000000 LUBBOCK, TX
4600 20030701 009929 009858 000000 LUBBOCK, TX
4600 20040701 009654 009309 008963 LUBBOCK, TX
4640 20021001 009821 009821 000000 LYNCHBURG, VA
4640 20030701 009844 009688 000000 LYNCHBURG, VA
4640 20040701 009827 009654 009480 LYNCHBURG, VA
4680 20021001 009768 009768 000000 MACON, GA
4680 20030701 009841 009682 000000 MACON, GA
4680 20040701 009791 009581 009372 MACON, GA
4720 20021001 010072 010072 000000 MADISON, WI
4720 20030701 010093 010187 000000 MADISON, WI
4720 20040701 010053 010106 010158 MADISON, WI
4800 20021001 009742 009742 000000 MANSFIELD, OH
4800 20030701 009780 009560 000000 MANSFIELD, OH
4800 20040701 009836 009672 009508 MANSFIELD, OH
4840 20021001 008971 008971 000000 MAYAGUEZ, PR
4840 20030701 008983 007966 000000 MAYAGUEZ, PR
4840 20040701 008959 007918 006877 MAYAGUEZ, PR
4880 20021001 009676 009676 000000 MCALLEN-EDINBURG-MISSION, TX
4880 20030701 009686 009371 000000 MCALLEN-EDINBURG-MISSION, TX
4880 20040701 009676 009352 009029 MCALLEN-EDINBURG-MISSION, TX
4890 20021001 010063 010063 000000 MEDFORD-ASHLAND, OR
4890 20030701 010100 010199 000000 MEDFORD-ASHLAND, OR
4890 20040701 010154 010309 010463 MEDFORD-ASHLAND, OR
4900 20021001 009983 009983 000000 MELBOURNE-TITUSVILLE-PALM BAY, FL
4900 20030701 010051 010101 000000 MELBOURNE-TITUSVILLE-PALM BAY, FL
4900 20040701 009955 009910 009866 MELBOURNE-TITUSVILLE-PALM BAY, FL
4920 20021001 009792 009792 000000 MEMPHIS, TN-AR-MS
4920 20030701 009784 009568 000000 MEMPHIS, TN-AR-MS
4920 20040701 009802 009604 009405 MEMPHIS, TN-AR-MS
4940 20021001 009944 009944 000000 MERCED, CA
4940 20030701 009948 009897 000000 MERCED, CA
4940 20040701 009938 009876 009814 MERCED, CA
5000 20021001 009993 009993 000000 MIAMI, FL
5000 20030701 009960 009921 000000 MIAMI, FL
5000 20040701 009979 009958 009936 MIAMI, FL
5015 20021001 010281 010281 000000 MIDDLESEX-SOMERSET-HUNTERDON, N
5015 20030701 010243 010485 000000 MIDDLESEX-SOMERSET-HUNTERDON, N
5015 20040701 010273 010546 010820 MIDDLESEX-SOMERSET-HUNTERDON, N
5080 20021001 009979 009979 000000 MILWAUKEE-WAUKESHA, WI
5080 20030701 009979 009957 000000 MILWAUKEE-WAUKESHA, WI
5080 20040701 009998 009995 009993 MILWAUKEE-WAUKESHA, WI
5120 20021001 010182 010182 000000 MINNEAPOLIS-ST. PAUL, MN-WI
5120 20030701 010181 010361 000000 MINNEAPOLIS-ST. PAUL, MN-WI
5120 20040701 010200 010400 010601 MINNEAPOLIS-ST. PAUL, MN-WI
5140 20021001 009873 009873 000000 MISSOULA, MONTANA
5140 20030701 009831 009663 000000 MISSOULA, MONTANA
5140 20040701 009744 009487 009231 MISSOULA, MONTANA
5160 20021001 009605 009605 000000 MOBILE, AL
5160 20030701 009622 009243 000000 MOBILE, AL
5160 20040701 009599 009198 008796 MOBILE, AL
5170 20021001 010164 010164 000000 MODESTO, CA
5170 20030701 010100 010199 000000 MODESTO, CA
5170 20040701 010255 010510 010765 MODESTO, CA
5190 20021001 010173 010173 000000 MONMOUTH-OCEAN, NJ
5190 20030701 010135 010270 000000 MONMOUTH-OCEAN, NJ
5190 20040701 010191 010382 010574 MONMOUTH-OCEAN, NJ
5200 20021001 009630 009630 000000 MONROE, LA
5200 20030701 009627 009255 000000 MONROE, LA
5200 20040701 009584 009169 008753 MONROE, LA
5240 20021001 009470 009470 000000 MONTGOMERY, AL
5240 20030701 009547 009094 000000 MONTGOMERY, AL
5240 20040701 009581 009163 008744 MONTGOMERY, AL
5280 20021001 009952 009952 000000 MUNCIE, IN
5280 20030701 009857 009714 000000 MUNCIE, IN
5280 20040701 009755 009510 009265 MUNCIE, IN
5330 20021001 009752 009752 000000 MYRTLE BEACH, SC
5330 20030701 009795 009590 000000 MYRTLE BEACH, SC
5330 20040701 009822 009645 009467 MYRTLE BEACH, SC
5345 20021001 009940 009940 000000 NAPLES, FL
5345 20030701 009951 009902 000000 NAPLES, FL
5345 20040701 009958 009916 009874 NAPLES, FL
5360 20021001 009938 009938 000000 NASHVILLE, TN
5360 20030701 009916 009831 000000 NASHVILLE, TN
5360 20040701 009971 009942 009913 NASHVILLE, TN
5380 20021001 010692 010692 000000 NASSAU-SUFFOLK, NY
5380 20030701 010671 011343 000000 NASSAU-SUFFOLK, NY
5380 20040701 010628 011256 011884 NASSAU-SUFFOLK, NY
5483 20021001 010436 010436 000000 NEW HAVEN-BRIDGEPORT-STAMFORD-WATERBURY-DANB
5483 20030701 010482 010963 000000 NEW HAVEN-BRIDGEPORT-STAMFORD-WATERBURY-DANB
5483 20040701 010477 010954 011431 NEW HAVEN-BRIDGEPORT-STAMFORD-WATERBURY-DANB
5523 20021001 010305 010305 000000 NEW LONDON-NORWICH, CT
5523 20030701 010353 010707 000000 NEW LONDON-NORWICH, CT
5523 20040701 010326 010652 010979 NEW LONDON-NORWICH, CT
5560 20021001 009799 009799 000000 NEW ORLEANS, LA
5560 20030701 009809 009618 000000 NEW ORLEANS, LA
5560 20040701 009835 009670 009504 NEW ORLEANS, LA
5600 20021001 010861 010861 000000 NEW YORK-NEWARK, NY-NJ-PA
5600 20030701 010883 011766 000000 NEW YORK-NEWARK, NY-NJ-PA
5600 20040701 010804 011607 012411 NEW YORK-NEWARK, NY-NJ-PA
5640 20021001 010324 010324 000000 NEWARK, NJ
5640 20030701 010276 010552 000000 NEWARK, NJ
5640 20040701 010304 010607 010911 NEWARK, NJ
5660 20021001 010223 010223 000000 NEWBURGH, NY-PA
5660 20030701 010277 010555 000000 NEWBURGH, NY-PA
5660 20040701 010302 010604 010905 NEWBURGH, NY-PA
5720 20021001 009708 009708 000000 NORFOLK-VIRGINIA BEACH-NEWPORT NEWS, VA-NC
5720 20030701 009715 009430 000000 NORFOLK-VIRGINIA BEACH-NEWPORT NEWS, VA-NC
5720 20040701 009724 009448 009171 NORFOLK-VIRGINIA BEACH-NEWPORT NEWS, VA-NC
5775 20021001 011066 011066 000000 OAKLAND, CA
5775 20030701 011014 012029 000000 OAKLAND, CA
5775 20040701 010984 011968 012953 OAKLAND, CA
5790 20021001 009911 009911 000000 OCALA, FL
5790 20030701 009880 009761 000000 OCALA, FL
5790 20040701 009946 009891 009837 OCALA, FL
5800 20021001 010021 010021 000000 ODESSA-MIDLAND, TX
5800 20030701 009879 009759 000000 ODESSA-MIDLAND, TX
5800 20040701 009865 009731 009596 ODESSA-MIDLAND, TX
5880 20021001 009731 009731 000000 OKLAHOMA CITY, OK
5880 20030701 009780 009560 000000 OKLAHOMA CITY, OK
5880 20040701 009797 009594 009390 OKLAHOMA CITY, OK
5910 20021001 010272 010272 000000 OLYMPIA, WA
5910 20030701 010192 010384 000000 OLYMPIA, WA
5910 20040701 010193 010385 010578 OLYMPIA, WA
5920 20021001 009935 009935 000000 OMAHA, NE-IA
5920 20030701 009996 009991 000000 OMAHA, NE-IA
5920 20040701 009949 009898 009847 OMAHA, NE-IA
5945 20021001 010222 010222 000000 ORANGE COUNTY, CA
5945 20030701 010295 010590 000000 ORANGE COUNTY, CA
5945 20040701 010274 010549 010823 ORANGE COUNTY, CA
5960 20021001 009921 009921 000000 ORLANDO, FL
5960 20030701 009928 009856 000000 ORLANDO, FL
5960 20040701 009931 009862 009792 ORLANDO, FL
5990 20021001 009667 009667 000000 OWENSBORO, KY
5990 20030701 009669 009338 000000 OWENSBORO, KY
5990 20040701 009675 009350 009024 OWENSBORO, KY
6015 20021001 009812 009812 000000 PANAMA CITY, FL
6015 20030701 009773 009546 000000 PANAMA CITY, FL
6015 20040701 009640 009281 008921 PANAMA CITY, FL
6020 20021001 009626 009626 000000 PARKERSBURG-MARIETTA, WV-OH
6020 20030701 009625 009251 000000 PARKERSBURG-MARIETTA, WV-OH
6020 20040701 009608 009216 008823 PARKERSBURG-MARIETTA, WV-OH
6080 20021001 009666 009666 000000 PENSACOLA, FL
6080 20030701 009722 009444 000000 PENSACOLA, FL
6080 20040701 009741 009483 009224 PENSACOLA, FL
6120 20021001 009727 009727 000000 PEORIA-PEKIN, IL
6120 20030701 009748 009496 000000 PEORIA-PEKIN, IL
6120 20040701 009747 009494 009240 PEORIA-PEKIN, IL
6160 20021001 010166 010166 000000 PHILADELPHIA, PA-NJ
6160 20030701 010143 010285 000000 PHILADELPHIA, PA-NJ
6160 20040701 010177 010353 010530 PHILADELPHIA, PA-NJ
6200 20021001 009922 009922 000000 PHOENIX-MESA, AZ
6200 20030701 009964 009928 000000 PHOENIX-MESA, AZ
6200 20040701 010026 010052 010077 PHOENIX-MESA, AZ
6240 20021001 009585 009585 000000 PINE BLUFF, AR
6240 20030701 009592 009185 000000 PINE BLUFF, AR
6240 20040701 009573 009146 008719 PINE BLUFF, AR
6280 20021001 009893 009893 000000 PITTSBURGH, PA
6280 20030701 009873 009746 000000 PITTSBURGH, PA
6280 20040701 009780 009560 009341 PITTSBURGH, PA
6323 20021001 010034 010034 000000 PITTSFIELD, MA
6323 20030701 010047 010094 000000 PITTSFIELD, MA
6323 20040701 010055 010110 010166 PITTSFIELD, MA
6340 20021001 009890 009890 000000 POCATELLO, ID
6340 20030701 009874 009749 000000 POCATELLO, ID
6340 20040701 009808 009617 009425 POCATELLO, ID
6360 20021001 009044 009044 000000 PONCE, PR
6360 20030701 009034 008068 000000 PONCE, PR
6360 20040701 008942 007883 006825 PONCE, PR
6403 20021001 009873 009873 000000 PORTLAND, ME
6403 20030701 009959 009918 000000 PORTLAND, ME
6403 20040701 009990 009980 009969 PORTLAND, ME
6440 20021001 010221 010221 000000 PORTLAND-VANCOUVER,OR-WA
6440 20030701 010133 010267 000000 PORTLAND-VANCOUVER,OR-WA
6440 20040701 010243 010485 010728 PORTLAND-VANCOUVER,OR-WA
6483 20021001 010154 010154 000000 PROVIDENCE-WARWICK-PAWTUCKET, RI
6483 20030701 010171 010342 000000 PROVIDENCE-WARWICK-PAWTUCKET, RI
6483 20040701 010195 010391 010586 PROVIDENCE-WARWICK-PAWTUCKET, RI
6520 20021001 009967 009967 000000 PROVO-OREM, UT
6520 20030701 009997 009994 000000 PROVO-OREM, UT
6520 20040701 009995 009990 009986 PROVO-OREM, UT
6560 20021001 009716 009716 000000 PUEBLO, CO
6560 20030701 009764 009528 000000 PUEBLO, CO
6560 20040701 009756 009511 009267 PUEBLO, CO
6580 20021001 009803 009803 000000 PUNTA GORDA, FL
6580 20030701 009844 009687 000000 PUNTA GORDA, FL
6580 20040701 009902 009804 009706 PUNTA GORDA, FL
6600 20021001 009865 009865 000000 RACINE, WI
6600 20030701 009867 009734 000000 RACINE, WI
6600 20040701 009763 009526 009288 RACINE, WI
6640 20021001 009955 009955 000000 RALEIGH-DURHAM-CHAPEL HILL, NC
6640 20030701 009998 009996 000000 RALEIGH-DURHAM-CHAPEL HILL, NC
6640 20040701 009992 009984 009975 RALEIGH-DURHAM-CHAPEL HILL, NC
6660 20021001 009769 009769 000000 RAPID CITY, SD
6660 20030701 009769 009538 000000 RAPID CITY, SD
6660 20040701 009761 009522 009284 RAPID CITY, SD
6680 20021001 009913 009913 000000 READING, PA
6680 20030701 009859 009718 000000 READING, PA
6680 20040701 009827 009653 009480 READING, PA
6690 20021001 010227 010227 000000 REDDING, CA
6690 20030701 010227 010454 000000 REDDING, CA
6690 20040701 010270 010541 010811 REDDING, CA
6720 20021001 010074 010074 000000 RENO, NV
6720 20030701 010130 010259 000000 RENO, NV
6720 20040701 010136 010273 010409 RENO, NV
6740 20021001 010192 010192 000000 RICHLAND-KENNEWICK-PASCO, WA
6740 20030701 010298 010596 000000 RICHLAND-KENNEWICK-PASCO, WA
6740 20040701 010122 010244 010365 RICHLAND-KENNEWICK-PASCO, WA
6760 20021001 009925 009925 000000 RICHMOND-PETERSBURG, VA
6760 20030701 009895 009791 000000 RICHMOND-PETERSBURG, VA
6760 20040701 009870 009740 009609 RICHMOND-PETERSBURG, VA
6780 20021001 010221 010221 000000 RIVERSIDE-SAN BERNADINO, CA
6780 20030701 010273 010546 000000 RIVERSIDE-SAN BERNADINO, CA
6780 20040701 010268 010536 010805 RIVERSIDE-SAN BERNADINO, CA
6800 20021001 009657 009657 000000 ROANOKE, VA
6800 20030701 009723 009446 000000 ROANOKE, VA
6800 20040701 009740 009480 009220 ROANOKE, VA
6820 20021001 010295 010295 000000 ROCHESTER, MN
6820 20030701 010428 010856 000000 ROCHESTER, MN
6820 20040701 010348 010696 011043 ROCHESTER, MN
6840 20021001 009840 009840 000000 ROCHESTER, NY
6840 20030701 009839 009678 000000 ROCHESTER, NY
6840 20040701 009886 009772 009658 ROCHESTER, NY
6880 20021001 009838 009838 000000 ROCKFORD, IL
6880 20030701 009925 009850 000000 ROCKFORD, IL
6880 20040701 009933 009866 009800 ROCKFORD, IL
6895 20021001 009822 009822 000000 ROCKY MOUNT, NC
6895 20030701 009846 009691 000000 ROCKY MOUNT, NC
6895 20040701 009815 009630 009446 ROCKY MOUNT, NC
6920 20021001 010354 010354 000000 SACRAMENTO, CA
6920 20030701 010300 010600 000000 SACRAMENTO, CA
6920 20040701 010369 010738 011107 SACRAMENTO, CA
6960 20021001 009905 009905 000000 SAGINAW-BAY CITY-MIDLAND, MI
6960 20030701 009930 009860 000000 SAGINAW-BAY CITY-MIDLAND, MI
6960 20040701 010006 010013 010019 SAGINAW-BAY CITY-MIDLAND, MI
6980 20021001 009969 009969 000000 ST. CLOUD, MN
6980 20030701 009940 009880 000000 ST. CLOUD, MN
6980 20040701 009901 009802 009704 ST. CLOUD, MN
7000 20021001 009802 009802 000000 ST. JOSEPH, MO
7000 20030701 009909 009818 000000 ST. JOSEPH, MO
7000 20040701 009951 009903 009854 ST. JOSEPH, MO
7040 20021001 009776 009776 000000 ST. LOUIS, MO-IL
7040 20030701 009771 009542 000000 ST. LOUIS, MO-IL
7040 20040701 009807 009613 009420 ST. LOUIS, MO-IL
7080 20021001 010002 010002 000000 SALEM, OR
7080 20030701 010100 010200 000000 SALEM, OR
7080 20040701 010096 010193 010289 SALEM, OR
7120 20021001 010935 010935 000000 SALINAS, CA
7120 20030701 010925 011849 000000 SALINAS, CA
7120 20040701 010868 011736 012603 SALINAS, CA
7160 20021001 009972 009972 000000 SALT LAKE CITY-OGDEN, UT
7160 20030701 009989 009978 000000 SALT LAKE CITY-OGDEN, UT
7160 20040701 009983 009965 009948 SALT LAKE CITY-OGDEN, UT
7200 20021001 009639 009639 000000 SAN ANGELO, TX
7200 20030701 009675 009350 000000 SAN ANGELO, TX
7200 20040701 009707 009414 009121 SAN ANGELO, TX
7240 20021001 009709 009709 000000 SAN ANTONIO, TX
7240 20030701 009751 009501 000000 SAN ANTONIO, TX
7240 20040701 009774 009548 009322 SAN ANTONIO, TX
7320 20021001 010257 010257 000000 SAN DIEGO, CA
7320 20030701 010226 010452 000000 SAN DIEGO, CA
7320 20040701 010229 010459 010688 SAN DIEGO, CA
7360 20021001 010834 010834 000000 SAN FRANCISCO, CA
7360 20030701 010828 011657 000000 SAN FRANCISCO, CA
7360 20040701 010903 011806 012708 SAN FRANCISCO, CA
7400 20021001 010844 010844 000000 SAN JOSE, CA
7400 20030701 010829 011658 000000 SAN JOSE, CA
7400 20040701 010925 011850 012776 SAN JOSE, CA
7440 20021001 008950 008950 000000 SAN JUAN-BAYAMON, PR
7440 20030701 008948 007896 000000 SAN JUAN-BAYAMON, PR
7440 20040701 008982 007964 006945 SAN JUAN-BAYAMON, PR
7460 20021001 010198 010198 000000 SAN LUIS OBISPO-ATASCADERO-PASO ROBLES, CA
7460 20030701 010254 010508 000000 SAN LUIS OBISPO-ATASCADERO-PASO ROBLES, CA
7460 20040701 010286 010572 010857 SAN LUIS OBISPO-ATASCADERO-PASO ROBLES, CA
7480 20021001 010159 010159 000000 SANTA BARBARA-SANTA MARIA-LOMPOC, CA
7480 20030701 010096 010192 000000 SANTA BARBARA-SANTA MARIA-LOMPOC, CA
7480 20040701 010088 010176 010265 SANTA BARBARA-SANTA MARIA-LOMPOC, CA
7485 20021001 010794 010794 000000 SANTA CRUZ-WATSONVILLE, CA
7485 20030701 010729 011458 000000 SANTA CRUZ-WATSONVILLE, CA
7485 20040701 010588 011177 011765 SANTA CRUZ-WATSONVILLE, CA
7490 20021001 010039 010039 000000 SANTA FE, NM
7490 20030701 010142 010285 000000 SANTA FE, NM
7490 20040701 010131 010261 010392 SANTA FE, NM
7500 20021001 010601 010601 000000 SANTA ROSA, CA
7500 20030701 010609 011218 000000 SANTA ROSA, CA
7500 20040701 010575 011151 011726 SANTA ROSA, CA
7510 20021001 010018 010018 000000 SARASOTA-BRADENTON, FL
7510 20030701 009885 009770 000000 SARASOTA-BRADENTON, FL
7510 20040701 009993 009986 009978 SARASOTA-BRADENTON, FL
7520 20021001 009995 009995 000000 SAVANNAH, GA
7520 20030701 009875 009750 000000 SAVANNAH, GA
7520 20040701 009894 009789 009683 SAVANNAH, GA
7560 20021001 009736 009736 000000 SCRANTON-WILKES-BARRE-HAZLETON, PA
7560 20030701 009720 009440 000000 SCRANTON-WILKES-BARRE-HAZLETON, PA
7560 20040701 009682 009365 009047 SCRANTON-WILKES-BARRE-HAZLETON, PA
7600 20021001 010265 010265 000000 SEATTLE-BELLEVUE-EVERETT, WA
7600 20030701 010295 010590 000000 SEATTLE-BELLEVUE-EVERETT, WA
7600 20040701 010312 010625 010937 SEATTLE-BELLEVUE-EVERETT, WA
7610 20021001 009585 009585 000000 SHARON, PA
7610 20030701 009574 009148 000000 SHARON, PA
7610 20040701 009550 009100 008651 SHARON, PA
7620 20021001 009685 009685 000000 SHEBOYGAN, WI
7620 20030701 009739 009479 000000 SHEBOYGAN, WI
7620 20040701 009725 009450 009174 SHEBOYGAN, WI
7640 20021001 009875 009875 000000 SHERMAN-DENISON, TX
7640 20030701 009851 009702 000000 SHERMAN-DENISON, TX
7640 20040701 009940 009880 009820 SHERMAN-DENISON, TX
7680 20021001 009803 009803 000000 SHREVEPORT-BOSSIER CITY, LA
7680 20030701 009797 009595 000000 SHREVEPORT-BOSSIER CITY, LA
7680 20040701 009817 009633 009450 SHREVEPORT-BOSSIER CITY, LA
7720 20021001 009747 009747 000000 SIOUX CITY, IA-NE
7720 20030701 009809 009618 000000 SIOUX CITY, IA-NE
7720 20040701 009799 009597 009396 SIOUX CITY, IA-NE
7760 20021001 009819 009819 000000 SIOUX FALLS, SD
7760 20030701 009851 009703 000000 SIOUX FALLS, SD
7760 20040701 009862 009724 009585 SIOUX FALLS, SD
7800 20021001 009986 009986 000000 SOUTH BEND, IN
7800 20030701 009960 009921 000000 SOUTH BEND, IN
7800 20040701 009964 009928 009893 SOUTH BEND, IN
7840 20021001 010131 010131 000000 SPOKANE, WA
7840 20030701 010170 010341 000000 SPOKANE, WA
7840 20040701 010180 010360 010541 SPOKANE, WA
7880 20021001 009731 009731 000000 SPRINGFIELD, IL
7880 20030701 009732 009464 000000 SPRINGFIELD, IL
7880 20040701 009789 009578 009366 SPRINGFIELD, IL
7920 20021001 009711 009711 000000 SPRINGFIELD, MO
7920 20030701 009685 009370 000000 SPRINGFIELD, MO
7920 20040701 009691 009383 009074 SPRINGFIELD, MO
8003 20021001 010161 010161 000000 SPRINGFIELD, MA
8003 20030701 010185 010371 000000 SPRINGFIELD, MA
8003 20040701 010109 010217 010326 SPRINGFIELD, MA
8050 20021001 009824 009824 000000 STATE COLLEGE, PA
8050 20030701 009788 009576 000000 STATE COLLEGE, PA
8050 20040701 009748 009496 009244 STATE COLLEGE, PA
8080 20021001 009727 009727 000000 STEUBENVILLE-WEIRTON, OH-WV
8080 20030701 009761 009522 000000 STEUBENVILLE-WEIRTON, OH-WV
8080 20040701 009680 009359 009039 STEUBENVILLE-WEIRTON, OH-WV
8120 20021001 010157 010157 000000 STOCKTON-LODI, CA
8120 20030701 010101 010202 000000 STOCKTON-LODI, CA
8120 20040701 010081 010162 010242 STOCKTON-LODI, CA
8140 20021001 009559 009559 000000 SUMTER, SC
8140 20030701 009655 009309 000000 SUMTER, SC
8140 20040701 009649 009297 008946 SUMTER, SC
8160 20021001 009898 009898 000000 SYRACUSE, NY
8160 20030701 009943 009886 000000 SYRACUSE, NY
8160 20040701 009882 009765 009647 SYRACUSE, NY
8200 20021001 010322 010322 000000 TACOMA, WA
8200 20030701 010188 010376 000000 TACOMA, WA
8200 20040701 010223 010446 010670 TACOMA, WA
8240 20021001 009697 009697 000000 TALLAHASSEE, FL
8240 20030701 009701 009402 000000 TALLAHASSEE, FL
8240 20040701 009704 009408 009112 TALLAHASSEE, FL
8280 20021001 009782 009782 000000 TAMPA-ST. PETERSBURG-CLEARWATER, FL
8280 20030701 009813 009626 000000 TAMPA-ST. PETERSBURG-CLEARWATER, FL
8280 20040701 009821 009641 009462 TAMPA-ST. PETERSBURG-CLEARWATER, FL
8320 20021001 009700 009700 000000 TERRE HAUTE, IN
8320 20030701 009720 009440 000000 TERRE HAUTE, IN
8320 20040701 009665 009330 008995 TERRE HAUTE, IN
8360 20021001 009664 009664 000000 TEXARKANA, TX-TEXARKANA, AR
8360 20030701 009618 009235 000000 TEXARKANA, TX-TEXARKANA, AR
8360 20040701 009630 009260 008890 TEXARKANA, TX-TEXARKANA, AR
8400 20021001 009948 009948 000000 TOLEDO, OH
8400 20030701 009962 009924 000000 TOLEDO, OH
8400 20040701 009876 009752 009629 TOLEDO, OH
8440 20021001 009783 009783 000000 TOPEKA, KS
8440 20030701 009840 009680 000000 TOPEKA, KS
8440 20040701 009822 009643 009465 TOPEKA, KS
8480 20021001 010077 010077 000000 TRENTON, NJ
8480 20030701 010086 010173 000000 TRENTON, NJ
8480 20040701 010103 010207 010310 TRENTON, NJ
8520 20021001 009793 009793 000000 TUCSON, AZ
8520 20030701 009782 009564 000000 TUCSON, AZ
8520 20040701 009796 009592 009389 TUCSON, AZ
8560 20021001 009785 009785 000000 TULSA, OK
8560 20030701 009666 009333 000000 TULSA, OK
8560 20040701 009837 009674 009511 TULSA, OK
8600 20021001 009634 009634 000000 TUSCALOOSA, AL
8600 20030701 009626 009252 000000 TUSCALOOSA, AL
8600 20040701 009642 009285 008927 TUSCALOOSA, AL
8640 20021001 009922 009922 000000 TYLER, TX
8640 20030701 009904 009808 000000 TYLER, TX
8640 20040701 009881 009762 009642 TYLER, TX
8680 20021001 009662 009662 000000 UTICA-ROME, NY
8680 20030701 009693 009386 000000 UTICA-ROME, NY
8680 20040701 009681 009361 009042 UTICA-ROME, NY
8720 20021001 010713 010713 000000 VALLEJO-FARIFIELD-NAPA, CA
8720 20030701 010671 011342 000000 VALLEJO-FARIFIELD-NAPA, CA
8720 20040701 010675 011351 012026 VALLEJO-FARIFIELD-NAPA, CA
8735 20021001 010199 010199 000000 VENTURA, CA
8735 20030701 010219 010438 000000 VENTURA, CA
8735 20040701 010213 010426 010638 VENTURA, CA
8750 20021001 009666 009666 000000 VICTORIA, TX
8750 20030701 009751 009502 000000 VICTORIA, TX
8750 20040701 009637 009274 008910 VICTORIA, TX
8760 20021001 010088 010088 000000 VINELAND-MILLVILLE-BRIDGETON, NJ
8760 20030701 010006 010012 000000 VINELAND-MILLVILLE-BRIDGETON, NJ
8760 20040701 010081 010162 010243 VINELAND-MILLVILLE-BRIDGETON, NJ
8780 20021001 009922 009922 000000 VISALIA-TULARE-PORTERVILLE, CA
8780 20030701 009884 009767 000000 VISALIA-TULARE-PORTERVILLE, CA
8780 20040701 009959 009918 009876 VISALIA-TULARE-PORTERVILLE, CA
8800 20021001 009622 009622 000000 WACO, TX
8800 20030701 009615 009229 000000 WACO, TX
8800 20040701 009679 009358 009036 WACO, TX
8840 20021001 010192 010192 000000 WASHINGTON, DC-MD-VA-WV
8840 20030701 010170 010340 000000 WASHINGTON, DC-MD-VA-WV
8840 20040701 010181 010362 010542 WASHINGTON, DC-MD-VA-WV
8920 20021001 009596 009596 000000 WATERLOO-CEDAR FALLS, IA
8920 20030701 009614 009228 000000 WATERLOO-CEDAR FALLS, IA
8920 20040701 009673 009346 009020 WATERLOO-CEDAR FALLS, IA
8940 20021001 009940 009940 000000 WAUSAU, WI
8940 20030701 009956 009913 000000 WAUSAU, WI
8940 20040701 009938 009877 009815 WAUSAU, WI
8960 20021001 009956 009956 000000 WEST PALM BEACH-BOCA RATON, FL
8960 20030701 009988 009976 000000 WEST PALM BEACH-BOCA RATON, FL
8960 20040701 009960 009919 009879 WEST PALM BEACH-BOCA RATON, FL
9000 20021001 009588 009588 000000 WHEELING, WV-OH
9000 20030701 009534 009068 000000 WHEELING, WV-OH
9000 20040701 009499 008998 008496 WHEELING, WV-OH
9040 20021001 009909 009909 000000 WICHITA, KS
9040 20030701 009904 009808 000000 WICHITA, KS
9040 20040701 009848 009695 009543 WICHITA, KS
9080 20021001 009573 009573 000000 WICHITA FALLS, TX
9080 20030701 009700 009399 000000 WICHITA FALLS, TX
9080 20040701 009668 009336 009005 WICHITA FALLS, TX
9140 20021001 009699 009699 000000 WILLIAMSPORT, PA
9140 20030701 009709 009418 000000 WILLIAMSPORT, PA
9140 20040701 009632 009263 008895 WILLIAMSPORT, PA
9160 20021001 010161 010161 000000 WILMINGTON-NEWARK, DE-MD
9160 20030701 010235 010469 000000 WILMINGTON-NEWARK, DE-MD
9160 20040701 010176 010353 010529 WILMINGTON-NEWARK, DE-MD
9200 20021001 009882 009882 000000 WILMINGTON, NC
9200 20030701 009928 009856 000000 WILMINGTON, NC
9200 20040701 009913 009825 009738 WILMINGTON, NC
9260 20021001 010115 010115 000000 YAKIMA, WA
9260 20030701 010114 010228 000000 YAKIMA, WA
9260 20040701 010074 010149 010223 YAKIMA, WA
9270 20021001 009939 009939 000000 YOLO, CA
9270 20030701 009887 009774 000000 YOLO, CA
9270 20040701 009841 009682 009522 YOLO, CA
9280 20021001 009874 009874 000000 YORK, PA
9280 20030701 009805 009610 000000 YORK, PA
9280 20040701 009824 009648 009471 YORK, PA
9320 20021001 009910 009910 000000 YOUNGSTOWN-WARREN, OH
9320 20030701 009872 009743 000000 YOUNGSTOWN-WARREN, OH
9320 20040701 009843 009686 009528 YOUNGSTOWN-WARREN, OH
9340 20021001 010072 010072 000000 YUBA CITY, CA
9340 20030701 010055 010110 000000 YUBA CITY, CA
9340 20040701 010039 010078 010118 YUBA CITY, CA
9360 20021001 009798 009798 000000 YUMA, AZ
9360 20030701 009718 009436 000000 YUMA, AZ
9360 20040701 009779 009558 009337 YUMA, AZ
